k =  13
eta =  0.5
mse=.001
epochs=300
Accuracy =  65.38461538461539
[[7. 1. 0. 0. 0.]
 [0. 5. 0. 0. 0.]
 [2. 0. 0. 1. 0.]
 [1. 1. 0. 5. 0.]
 [1. 1. 0. 1. 0.]]
------------------------------
k =  11
eta =  0.8
epochs =  50
mse =  0.01
Accuracy =  61.53846153846154
[[6. 1. 0. 1. 0.]
 [0. 5. 0. 0. 0.]
 [1. 1. 0. 1. 0.]
 [1. 1. 0. 5. 0.]
 [1. 1. 0. 1. 0.]]
------------------------------
k =  11
eta =  0.03
epochs =  50
mse =  0.01
Accuracy =  50.0
[[8. 0. 0. 0. 0.]
 [0. 5. 0. 0. 0.]
 [3. 0. 0. 0. 0.]
 [6. 1. 0. 0. 0.]
 [3. 0. 0. 0. 0.]]
---------------------------------
k =  15
eta =  0.01
epochs =  50
mse =  0.01
Accuracy =  34.61538461538461
[[8. 0. 0. 0. 0.]
 [4. 1. 0. 0. 0.]
 [3. 0. 0. 0. 0.]
 [7. 0. 0. 0. 0.]
 [3. 0. 0. 0. 0.]]
---------------------------------
k =  18
eta =  0.1
epochs =  300
mse =  0.01
Accuracy =  46.15384615384615

[[8. 0. 0. 0. 0.]
 [4. 1. 0. 0. 0.]
 [3. 0. 0. 0. 0.]
 [7. 0. 0. 0. 0.]
 [3. 0. 0. 0. 0.]]