4.5474735088646414e-14 2.7284841053187846e-14 0.0 9.094947017729283e-15 -2.5011104298755527e-14 -2.5011104298755527e-14 2.3874235921539365e-14 1.9326762412674726e-14 -1.8189894035458565e-14 -1.8189894035458565e-14 -9.094947017729283e-15 2.2737367544323207e-14 2.5011104298755527e-14 -1.3642420526593923e-14 8.526512829121202e-15 1.1368683772161604e-14 2.0463630789890885e-14 0.0 -2.955857780762017e-14 3.183231456205249e-14 
2628.532893725882 2907.7469437198433 2563.335273292101 1620.0156578310061 2297.937135290625 1647.1389031262222 1163.5462775365647 842.6768014453557 1142.3907205637124 938.8911021883393 1092.7799355876432 921.9297065657795 1014.4183035264493 1291.730928829682 1024.7047702269274 962.3639988765315 1267.3228158290583 856.2063939684468 735.4392660562991 986.133717857173 
-2245.873615048507 -2801.234307316053 -1723.9986566461835 -2429.2694258294796 -1549.5580190252733 -1417.7110207841565 -1538.2842771980033 -1334.4063873713756 -1048.1785425738472 -1287.0533945354773 -1259.6358920781324 -898.0664123524977 -901.3482021415136 -648.8039902965461 -1373.007589687186 -1081.9551718616108 -957.2055241915896 -1025.5547596385347 -859.4886265334652 -677.6736659054758 
-0.40852823993525506 0.03373830010925242 -0.02450294053455857 0.12522300091272157 0.013156622379258874 -0.1280452670253211 -0.027458536775834645 0.2916734805121032 0.2705430875437103 -0.08887261467476497 0.12909218806024794 0.4810350499363457 0.267356184758234 -0.1327073399159379 0.14782331617152789 0.042774497959936875 0.07146754747270223 0.1313060460953021 0.29796927527744876 -0.4073029561708867 
-0.4607481159000021 0.35545287104937906 -0.012333745607213616 -0.045816618863322514 0.003995275630117968 -0.10516138326477084 0.34563630617955393 0.35589945703070935 0.29730295700687537 0.15089360102248542 -0.22333599973196877 -0.3677056373856599 -0.2649735570013822 0.3544583079540697 -0.09770923123972962 0.0656741600870485 0.08332129517876 0.010105893256280984 -0.5388887049544732 0.10722384716468898 
0.20821032768303108 0.010941320081638636 -0.3013513252054911 -0.18235284966177334 -0.016658064102664037 -0.10075344459112963 0.3333867619079135 0.3870668818601093 -0.20079760529268356 0.025253480412576204 0.17443080029233052 0.38566587131261154 -0.3116265399082208 -0.0006108826874031687 0.01972300846974869 -0.17436485614623012 -0.4302959449744321 0.45500269379419406 0.09466458544116725 0.20817867477048974 
0.042996708518493784 0.02208326712948038 -0.053913550522532716 -0.069601948056654 0.22489340049469866 -0.3712886641426774 -0.011963810393261855 -0.12973613502420786 -0.3668578879565665 -0.043701426940177826 -0.012391876427953329 0.506555864038728 -0.47048959227275144 -0.09831958167018583 -0.20507346798375414 -0.09600799420769232 0.5697040550255678 -0.11943755282465356 0.02174904363098306 -0.008339523791242436 
-0.16311056895764092 -0.1332152619362421 0.15115293074206934 0.19500629551821883 -0.11435834941873459 0.28227625855198146 -0.01870821682268766 0.06237023840477685 0.2746508284671008 -0.03378523033352081 0.31208539106614974 0.2747662779809846 0.1315755785518982 0.08191827873468553 0.12753877623892 -0.18066142540977675 0.1584096418769911 0.25363349585384887 -0.46461723266500204 -0.3038688712555734 
0.38087177884242396 0.04159116298402926 0.5978856126396948 -0.12905595492150707 -0.06460947993114463 -0.22812739468122753 0.23474256345986994 -0.3565030952930028 -0.3671717693636695 0.2357405224514807 -0.07070116839877426 -0.09758300915622925 0.13421930378793254 -0.08887881728562338 -0.04071908475060247 0.21755423525093745 -0.1556758919109943 0.18649201446647745 -0.1058888295661251 -0.36363206348874705 
-0.16905172146663397 -0.14622987002782167 -0.0132677517818938 -0.23698874386463015 0.5972553682654886 -0.14102688905635113 -0.1623357083008201 0.2887624322896777 -0.1786731399861758 -0.027837989927558423 -0.10073631797974175 -0.4335276927629183 0.2688595942849103 0.3150481129769979 -0.002474078948504523 0.09116052645556262 0.0647884260181989 0.3046842538145924 0.25847858337034124 -0.12985437947268177 
0.0707793449305126 0.013863932236616108 -0.30330399371848743 -0.40053545190352347 -0.4027446317345113 -0.0024405432903489965 -0.41368167485656093 0.32141293836190915 -0.15776283571236532 -0.15605054538090196 0.024334055820417668 -0.24357106248141885 0.13931560342929408 -0.1973593019700944 -0.37279452995936013 -0.02934696477907955 -0.05459481374370931 -0.1838606616041177 -0.18092609734377044 -0.3763218366604097 
0.02752874788486396 -0.19994822677076465 -0.14344064495882242 -0.5999255116988357 -0.0996736118122956 0.2701148682192724 0.15038720388387247 -0.5821275654317155 0.521504039971538 0.4217944803072203 -0.0837100018290734 0.23200314776348768 0.01570311561744262 0.2228710736288788 0.03337022679249224 0.10997995173924839 0.104370659803911 -0.03765324852810188 0.18395314544373384 0.030808573491504624 
-0.12294018784052409 -0.23967976522381088 0.1454156388465764 -0.0858529294862409 -0.29417138158787604 0.05539787696930959 -0.053232995644756836 0.22044325654341854 -0.27764587779155503 0.22822184196241996 0.2140784000879928 -0.2848506810740271 0.3440196625400837 -0.2833112866126386 0.06592417673794006 -0.10262386634688736 0.3150328934068249 0.20214355844666423 -0.004500060172761902 0.5926970438291133 
0.48837082450996616 0.1340422322053828 0.08245722411686078 0.09328903835654374 0.25825872075700046 0.5141332075801446 0.11541636788431456 -0.01612029502940688 -0.12316446826341865 0.10786324178959093 0.10435187059746726 -0.21681483536458254 -0.22223376827289887 -0.1684145412920683 0.12298509572592735 -0.23641423873427958 0.09002029292351844 -0.10296221796275823 -0.1344525700702112 -0.10463653882101477 
0.049600425978325396 -0.16637095715015965 -0.08747210121600758 0.09891829175956496 -0.0502352871670288 -0.16384445840641157 -0.14477124196207258 -0.07615483320394878 -0.00301007902098142 0.009427454291433553 0.11410373448351924 -0.14652153503783064 -0.2141182854398729 0.10287592354321418 0.19151326836525334 0.06906192404318769 -0.07618345398652038 -0.13365845490222644 -0.026459702515924166 -0.013715743194086846 
-0.00927806021825368 0.07728438667634996 0.022509095084782882 0.09409385066307431 0.009559727972877675 0.06102992083567649 0.008689670732668782 -0.053852226140857586 0.032011298746113526 -0.0857229177854584 -0.09239122794911714 0.035011284734400086 0.08247475562449498 -0.04161977160335373 -0.05646472807156189 0.0016028277958461245 -0.05118143451312572 -0.056482045519882305 0.06782976716723663 0.08099110031811065 
0.9380706610824371 0.984054640492468 0.9905160249147188 1.0161879238990963 0.8048797350777336 -0.008530842241931735 -0.0008001993383091796 -0.0022254710175518785 0.008644108383011783 0.012087313278491694 -0.0777167553211523 -0.2527733158522594 -0.30709233997284663 
-0.11838271046729447 -0.1014541642597495 -0.11651700435958702 -0.06952272236088516 -0.31255360925413683 2.8276461772086203 2.246312895401991 2.582976676289111 0.2618143391631376 1.4685917653256777 -0.34249568424737037 -0.3183654279831237 -0.1722055915218022 
-0.07553197886481355 -0.05268407485891134 -0.060357350636153106 -0.03578355694661069 -0.20992533962144808 -0.08529523372349913 -0.0535314607187135 -0.061810291664166024 -0.006754134797438313 -0.04053908217463889 -0.19687650773278015 -0.4039607504080162 -0.5021902710739613 
2.7167914162368442e-11 7.299564060847448e-12 4.5691598454771284e-11 1.0741317947741272e-10 3.9494828121959515e-10 2.3725087499106047e-11 4.7165468465249285e-11 1.5578639649379186e-11 1.2591335808538588e-12 1.5321595603414633e-11 1.905934643845629e-11 3.3048007331193295e-08 8.379236730096336e-09 
-2.319815735653151e-25 -3.7699912903988e-26 -6.1626105478945605e-27 -5.034171439831925e-27 -5.574177981328142e-27 -7.231464307042767e-27 -1.325775929192768e-25 -4.040572036174142e-26 -1.4632241122986643e-27 -9.754312713816944e-26 -8.146496337588403e-25 -1.7689135170218762e-23 -3.984841009781541e-24 
